7000
129001
204025
978230
485619
162416
570415
745823
194562
620657
778984
793806
598614
865408
827330
282333
771789
645211
143286
747994
701329
891589
63029
65461
292653
618496
365594
402294
138195
275079
889979
715626
477201
421771
697452
553615
959524
503211
151530
794259
929601
269590
383635
150145
742023
110230
91209
912319
804259
91992
303912
586085
90015
132395
440576
873444
217803
296913
488451
697921
94515
844737
3095
29021
294958
279913
389557
423326
313972
532932
21812
93895
248907
245628
396667
311481
749755
273819
156931
483614
508903
440984
861330
708895
932963
54477
785352
457102
402091
318413
292731
777629
735487
74581
547220
745133
638683
912550
257473
55813
5763
573603
963026
841159
387942
715735
253580
610184
15816
348419
234675
937721
630433
274979
672482
419760
580407
598331
429884
499186
240358
853581
450270
574157
440496
170640
535561
63555
716257
99020
532301
986818
779839
465326
854336
92473
964736
670451
620281
185821
499970
947671
626328
354475
446070
985343
381339
760522
675427
876920
236073
862166
673301
296502
7595
590012
972883
275350
164131
979273
336212
682685
787550
905018
50639
161344
314162
687689
208664
953896
634707
146372
333934
108122
563362
415378
246332
600398
849453
535018
429707
560790
929846
821459
945911
569832
368344
22803
227341
792462
284541
531518
368712
786899
739785
416224
680089
304676
652007
206020
805365
755818
638358
619911
541566
130193
125329
283251
939670
312545
537805
841363
100583
771536
47623
94975
399556
247260
757826
480041
447874
427958
88918
348835
275365
528
2604
362613
147649
680634
6979
111356
764924
333438
426566
895866
569994
509150
915709
300526
612675
807172
321757
382308
832936
276760
554453
524644
73189
826905
528271
310641
840832
600514
127173
184350
248928
396440
555760
616752
686154
410450
827452
377608
16057
890738
863931
596465
179238
281974
282718
511005
311796
793296
155964
425908
738812
388920
98839
704359
516803
975623
522945
591542
371544
758683
540513
709497
727883
375509
339299
750
226697
565013
984337
306861
100994
262953
395592
883983
256199
643484
741463
290335
794945
832269
848665
706765
282662
459133
578656
67245
808481
182104
172500
951692
352838
332948
972574
775072
258638
119032
350689
677130
826288
127993
773460
661601
829990
820861
457953
527440
567868
787274
522561
251553
840896
876542
300378
822254
65637
871287
483429
532364
404753
254007
940602
9232
661384
962725
191285
485334
20231
534707
714579
226375
104249
644850
954253
519253
597062
380149
398043
151679
148407
620416
365966
337244
256429
820367
888114
659782
318070
806200
410825
754704
27985
620465
386041
138290
692610
913983
787024
729303
670429
79133
216738
889791
241279
549426
14415
469934
165476
833552
100916
34692
79420
806734
345985
619900
540136
377645
984816
839092
450651
793260
238027
977287
836281
788230
19058
924115
956259
958656
546657
247010
329488
391102
372788
98840
312099
314854
771246
84533
871931
569634
414365
137486
917482
209979
32697
309085
53595
579060
503488
500167
243478
494541
272498
932529
80626
809830
611458
601401
103562
822318
486527
933119
243020
884216
392083
196618
700579
751591
455433
474088
260765
142297
531132
659914
788400
928805
733743
17227
679595
744649
200396
56967
791474
835988
878263
996325
373611
429634
969174
435689
861892
846731
241331
493836
824976
52444
703211
53782
159437
251238
762887
337735
504880
691078
964307
514421
282041
504413
60280
785275
938804
100128
299922
681653
499123
297772
54884
73346
303568
9445
305321
210757
808118
491435
205808
931725
477298
20772
94371
749326
908102
998527
593527
702683
559506
183617
533765
574697
738776
860576
843064
948440
750287
841755
365553
478970
520568
529483
186980
389867
555108
89742
58785
570388
92634
547954
228910
8197
528942
240538
261302
90096
348846
924000
242528
556769
899976
128951
686077
199476
198991
136900
684532
783577
522364
898724
698994
726059
327129
681305
761511
445059
90238
541058
963113
860685
709319
98770
461025
245963
811575
267434
329027
586492
370837
928755
633521
327763
572231
714542
491921
356167
501395
260542
786766
423276
255585
482213
820756
314955
675218
388
946251
168059
36486
708560
498116
649622
998502
556016
903717
901879
408962
90756
202018
313292
721353
759866
756028
714519
64188
687450
327751
770302
795167
875174
137851
50195
270654
622436
282930
138461
294160
746331
145900
256462
734712
207127
882707
548549
6218
128962
87389
492336
176580
849942
336694
511270
669190
646318
143314
500629
558823
544224
395355
983649
956244
251290
605903
779426
851416
263998
480189
148967
366353
416589
836714
840411
921217
505179
946175
748418
272985
158346
271300
196505
522355
645281
691618
670233
23819
427856
949566
218322
577327
499894
931566
422413
260679
433086
440105
954980
899809
659177
42795
166260
344388
674106
944971
433816
16252
425876
349648
640995
583016
427805
171807
52360
627498
641040
441185
375879
852638
296803
145679
149107
409748
174801
321015
469573
408436
771151
984066
635097
640301
787014
582943
790797
833152
797069
413351
358938
31915
191842
589937
966373
142375
688217
996963
31180
925287
745453
293222
290001
694091
331497
850289
381180
753048
537239
413464
456976
630354
940976
78826
776864
204075
366593
506361
284652
336277
358940
687920
562498
236025
768890
166175
593277
173033
573811
714280
884177
921997
353635
682879
416777
110025
490540
160924
11159
569751
38005
358048
677019
273195
220608
42299
645830
752612
212663
716918
139144
563060
760122
62334
436486
876805
440849
178685
178318
952823
827127
509418
702779
918564
252734
940604
22405
307039
955204
803491
26321
214915
623406
316436
312885
322825
671392
204480
712205
793239
386159
824110
182410
454333
409326
840365
477999
696392
916058
968630
686302
266800
918088
735664
855488
23134
554056
826832
398955
403921
594406
474959
915026
6529
706125
506727
25283
103452
676069
484469
405547
755909
565023
534859
667113
551299
98717
709010
761001
804191
568112
724602
253509
803530
981522
896289
980782
244495
78203
587604
606564
368384
310823
919447
283864
400834
687389
346436
218119
757636
646642
825786
146913
260229
207068
258836
902669
303146
345228
182688
133091
960271
370922
156385
72648
358282
377331
44165
542468
101495
138047
947506
218473
612497
576750
901516
270662
760546
337773
533568
434559
941479
895887
133841
812768
787976
94314
606995
523780
727572
904480
353129
230518
447790
798498
601482
126949
521658
645933
312022
519136
261795
328331
910274
607491
498085
478489
163189
94791
58009
595563
601696
545738
538846
509760
794450
710601
279336
649852
952366
842867
639413
107052
889731
856888
551252
451701
298065
89205
343608
229828
277267
560473
965399
543999
399994
348270
965392
119206
122126
377658
255394
758595
619415
746513
7768
325430
991774
935508
158136
780842
680273
577851
80507
743668
678403
674878
834380
798274
838435
68623
632984
512725
63628
799975
49160
542969
856321
202515
662073
690878
839394
706267
757689
245961
308801
918487
595680
175690
744363
840894
199228
683027
56525
969354
156124
231526
317126
554051
484124
610333
267723
86671
329325
187982
139918
476294
582327
733136
650191
639749
17895
428790
282400
110032
64970
383568
207975
133167
874368
486679
890535
403304
60981
522384
537207
242883
129961
890186
880588
226621
323939
129161
770268
427543
421240
436685
598179
823569
553824
310457
851284
372228
991446
517134
473931
618587
475562
125399
251446
518458
666029
309551
553527
410540
742055
147423
96162
121288
695309
284291
744491
660153
184177
26255
757313
679539
369941
882506
24921
560558
697860
701410
132177
860378
790055
505351
64878
853986
820999
253624
37277
793989
789527
569961
735187
304848
880038
385363
302317
178191
776208
174790
86339
178621
742820
640866
903510
61013
345095
621292
863526
13791
443224
146998
411726
606795
280228
763560
867229
666101
108413
376216
346869
584437
665272
951673
651261
777011
728755
576573
690881
210471
225352
567900
516559
754901
26760
979602
546808
805790
209268
533231
386990
142859
254455
383952
655311
602070
36743
740551
60435
513965
348271
142125
103833
118091
532111
441123
801929
980824
816303
771360
743120
941185
202898
347577
534323
502740
32679
505385
473731
845870
972985
843082
200957
849284
62201
434681
951211
593104
334481
330773
955292
343976
921208
37325
534407
934843
44443
195406
180603
540722
474997
886922
188185
833668
882171
586183
728564
728054
260834
917457
75570
731178
763606
430621
630091
176967
167743
641169
107024
130282
487990
488033
374976
635972
207417
982943
27447
937613
251858
802917
563721
677048
993986
404667
922853
922199
838225
183169
61932
979059
534094
928918
314737
70179
233429
670894
614154
324143
631155
448959
937067
470436
170247
837276
768153
93824
264320
585217
210636
169300
32813
219442
16330
67315
34512
683604
331742
406457
50859
529167
82651
532543
286812
851366
245007
259369
686101
66970
923813
974883
926881
345911
840185
107553
357150
522844
350833
623504
303164
197771
17478
163138
13714
411076
500752
182018
348105
625570
858119
43094
986772
603880
375244
952874
671404
114239
753134
175804
597966
823978
820441
291845
950103
736801
478724
146547
16094
550810
549805
260110
61313
609712
958791
17210
153324
932244
968812
374250
695934
397826
394702
363811
946606
252898
23679
808892
558094
86027
391050
100168
325830
72537
717293
614663
365866
329179
96557
292448
9470
931297
552387
552915
163754
933023
867051
505575
913736
582661
486233
313117
385027
488303
881918
401326
50693
708685
786969
157214
678987
651603
562904
312925
248241
291012
694703
886202
475357
849101
245723
552207
778863
701457
535996
247422
95541
227942
482361
687373
180516
662157
30291
347956
477195
798946
269825
85922
81776
558909
800326
156325
516067
862198
276838
589829
102211
816820
934607
268797
272562
291768
378221
885472
15567
944741
873202
105418
209429
153344
82025
511371
345507
741951
648814
49144
685985
299389
182276
328534
357091
961306
76124
888189
165797
925091
114911
47900
48884
421195
294681
504373
707590
68819
153599
689795
4399
766644
492995
952759
635802
434717
333845
628281
321667
557926
433083
808925
170297
754345
599344
859928
263599
378242
890872
227548
477802
185891
598289
512678
108361
832267
465979
65362
111012
357200
881701
939846
277063
364399
138016
148531
893030
538351
532647
680543
803628
413551
268775
141264
159169
469960
389110
971988
403466
264349
523907
262564
864261
52416
693623
113488
843793
960394
163445
353946
928666
513406
260373
599192
902205
271430
446554
458440
22138
852292
260425
366123
742505
141642
28588
26745
726341
458661
369114
625338
270835
644876
827860
925186
640254
919538
113429
451424
81637
68447
280436
694937
920542
736539
439197
58887
369080
660038
416253
981265
647047
188967
450050
11898
931918
94947
306203
126997
154616
336615
822094
679230
169459
123886
9652
849670
494696
93592
448845
503137
264297
233859
404242
880229
426037
234798
958580
101651
988699
492369
10338
481142
101216
377239
388540
998586
284431
482331
833116
701112
201644
544113
694375
79149
754971
902166
210337
255964
69188
510910
553240
693683
968951
847798
813894
725138
340268
45946
845804
417235
931258
136223
298169
676874
335836
901577
678054
644723
125798
788786
687421
736783
253719
181796
239064
857707
184800
580870
79851
860706
64674
971336
625254
252421
208970
226182
230097
864386
611163
833597
524403
667204
904732
871786
807711
38423
72797
568134
698209
73689
748015
738375
138844
141619
169282
676602
545389
260584
518578
213115
390125
179988
763076
18981
634125
92585
235056
142
218319
59722
924282
931998
153039
705468
594390
710816
225672
475520
352912
945400
652222
427953
566575
885629
455967
392055
435866
249514
361897
538695
677755
904576
965205
342474
663963
399148
541673
782069
404057
992254
564612
382493
563687
829385
555266
514824
358872
573233
965689
97308
674668
140334
633085
463257
600928
482971
357448
901235
659699
277357
30538
17494
73994
616700
68894
192079
332692
50387
606468
199495
903858
138958
615816
494135
13268
172870
56281
896048
358572
191099
70807
36373
305985
288931
729619
142881
449846
448223
833331
377596
375638
861021
833032
965281
638776
304819
381664
731419
905528
655920
327531
65549
216914
607720
462779
819290
859294
704375
567045
646146
344715
267040
523125
545280
286779
298439
530361
827057
486324
710873
530381
391382
136213
962634
197501
857634
21067
984399
732540
26774
744050
696145
619001
716477
698645
979672
901840
679973
309587
722060
629916
645351
430089
930199
29458
9127
411711
231667
983252
765580
592312
275152
135753
899325
989545
768816
248317
985018
655466
590530
386409
25126
159814
205502
124988
572454
188110
674790
110987
911536
931376
440455
406039
881560
133565
343070
204142
334338
526925
356586
924821
527551
931238
437960
515567
861851
983284
71641
942010
923457
910973
573786
503489
808090
341975
416520
210899
892528
552205
441318
545806
958918
355633
814153
426192
881185
288710
337937
78093
233889
179717
967418
275855
896930
416856
692469
584029
343775
388528
766554
684708
573542
2858
49192
545028
197340
738941
924768
942957
850514
472157
672247
511979
472032
112948
939552
576343
646695
275783
552942
550617
368251
862727
217787
978719
327198
942182
355925
788390
824593
23043
392720
192438
281922
782113
856109
239267
190966
348555
472924
847819
422597
666836
647752
19761
75997
209829
532194
729698
382507
195296
935393
709015
383504
605476
386683
327537
227697
604386
491933
902034
980913
405946
579359
287126
329413
59141
431229
134759
263163
389197
128166
109611
245957
536685
41131
248185
907371
25393
801955
747758
513990
683033
733633
233170
305632
492989
53189
548350
369857
824206
916361
152507
48631
561823
974704
735417
113498
456762
48554
753667
653992
743145
708983
415977
853310
710518
52270
645164
260416
32263
629635
218395
296291
188399
879157
913190
131520
596019
994388
367344
522454
381392
67055
254321
289274
929650
708940
353031
894338
873170
198287
617935
641795
777626
928182
736796
566366
885357
738808
355417
360833
210072
927639
852222
739656
632209
598195
353520
451840
911797
75318
72023
508044
802271
879385
400809
953085
845497
732976
389827
585198
824395
157302
710118
459797
138653
213430
656140
138499
676125
950231
129244
631841
445944
919812
68258
798823
196808
811934
384204
64885
883285
105919
811834
38526
642150
780688
686815
237471
499320
981471
521834
133371
906716
630493
703436
20875
733422
160980
832992
285802
354643
374395
827588
965572
153644
999493
15953
561079
183539
728281
575170
403046
538124
893106
391349
776100
465123
583388
354906
339173
234255
785987
661378
58818
703804
890795
349672
535702
595575
643931
235061
830059
54730
195753
5674
719197
116221
47065
169019
710318
468086
473999
197878
594204
198360
842729
425965
35551
243370
832939
670912
773844
978414
817762
649448
52259
953628
194155
440891
817013
474145
564519
339201
536994
88656
954578
968412
428036
889319
436843
83699
816856
247774
340289
334731
849579
312578
783643
712447
563484
777581
587992
438667
554380
288307
796946
660740
469296
245907
12256
65936
754532
829523
131130
753790
505073
424219
177002
98506
809656
524857
801073
93094
586965
939451
183695
411223
489856
202166
265691
276749
818032
672966
941142
45281
404179
276234
150080
427244
932935
16094
125260
449947
841454
101593
895158
580640
899293
940145
425760
420660
319740
766227
881999
794393
447380
599368
667830
446470
553964
98742
561138
682330
642986
974095
378913
213252
538756
709449
544392
941879
416603
956869
949087
234781
830724
210320
654117
674851
175514
460475
192399
431706
359738
685502
259652
635103
103819
304529
279045
285606
604937
733282
272475
331735
834534
138694
636546
360770
450135
532181
522053
594652
405688
297414
76343
996385
867791
974800
440760
352754
73851
751642
442663
105137
354962
53907
326358
853792
192946
652530
662740
322283
520256
557934
985269
192352
362936
659214
702848
205191
694935
999716
696269
989373
886984
506665
743227
319661
292387
46081
9683
678905
839381
679680
736657
27483
424005
17681
103089
303143
313179
788327
64791
834487
438346
145818
897778
905494
305297
582408
37091
418576
609772
940023
782316
516025
970721
52581
18367
771440
850449
589771
456475
8643
635169
101733
410847
573694
763381
435171
192728
947320
859898
287585
72566
181780
932116
716905
597584
825119
579722
441747
768246
883864
807743
929612
399224
104303
961283
828315
761051
193089
498302
213527
595839
313593
549173
30715
329043
45095
925229
737574
849033
135893
647306
868046
790019
436509
639840
993357
282100
358396
833986
826857
60236
491315
771709
171784
319365
656434
482553
503344
680836
208543
157654
501502
549362
710679
578479
184756
503598
759394
248955
764409
905879
990629
451017
909751
655188
26155
417925
220280
828795
553324
66104
506704
928243
147388
813262
531581
821527
237791
204624
787452
895383
948383
38469
833011
262013
993166
250233
55014
703989
228583
97858
97816
101167
580925
228522
958707
109841
108052
891469
231662
849527
428499
547340
638193
744017
259613
894428
963819
418423
463195
870372
274229
220552
702845
483373
65936
205890
104032
877624
118606
25394
192448
964723
252122
437107
918901
772409
67576
80705
13870
540999
405400
916764
673816
47393
679921
24422
203971
377382
922446
630317
570424
178245
615858
348401
678154
583601
33873
482530
387878
856154
21231
456833
246742
430023
470327
265268
893064
742728
600490
90451
310466
438568
225706
478247
755574
365500
327425
920421
825105
265785
788877
295044
803970
178009
700196
318469
750862
198398
474659
980568
786025
648964
781613
410384
260240
518649
44707
320492
343540
135605
601324
663467
571572
26877
580553
816466
576397
239513
494556
288694
188701
218989
489741
259461
205355
44460
559759
162055
472375
607732
299980
784009
726885
689551
805512
816006
662340
449233
379341
857779
699169
988146
420793
957762
257399
805567
926014
728299
362998
597840
506995
90211
569037
89112
211161
288617
196542
913533
35689
211512
474239
198241
306324
155082
573626
237817
749159
970430
892344
97498
700520
68194
628199
126026
329121
983448
390712
727519
808261
283037
18875
179501
908390
58771
156301
312686
273815
292864
479300
291163
123729
917979
335876
379700
621704
194538
450357
45448
97978
705450
496715
643732
99006
784311
773454
175640
472328
700671
472559
592447
544249
670056
558591
611364
921310
421
43083
256933
662780
321014
263371
722688
343834
376994
113037
911949
731652
426190
157906
124930
283634
526325
491233
691581
844157
332064
761598
152118
464630
2831
46715
796124
379989
886982
507425
820637
12224
15160
63213
588916
821194
777120
385595
187439
515511
151808
217222
61572
630646
911410
41078
527367
269618
570335
436409
324482
954110
562146
583560
605338
495374
329393
921277
698749
769501
426322
12517
872505
541725
657408
786298
263371
891323
399743
642727
155762
470794
366174
709946
435909
395860
989285
398023
172768
657479
179153
294439
281342
811977
624169
804992
599821
119194
197519
354077
995702
581738
702805
554621
590750
967702
541987
94536
319902
920529
518041
373788
926757
380435
727807
636170
764746
339741
315221
150217
92526
205034
780851
823585
975885
440451
73929
497393
139724
28483
932701
816675
199419
571742
958309
569652
84867
327272
340383
15578
582745
640730
395897
162261
360558
992334
444862
419686
244147
584141
764991
152474
59246
504277
448748
804923
669982
828410
917755
624351
548062
677185
438790
452068
123838
865249
77614
83597
745253
190325
209961
512088
417924
660534
464166
663634
997878
493118
661477
39030
117594
284688
620277
606669
128089
206888
958279
980920
498330
878408
119600
438296
82705
552141
741386
513029
509867
773183
634461
988177
732981
903942
90738
958306
710329
585075
913528
127711
914637
557606
580214
98532
874600
21291
903261
449581
787451
928299
203592
639060
836052
201231
521231
888264
979939
282265
98418
150950
431245
213177
504669
892081
731003
288663
40112
543754
154143
764996
535708
460133
868405
210177
922616
765589
369921
245850
140269
472782
539962
452513
401650
985729
974935
377492
445661
583141
114164
811053
455921
673034
387685
499290
156408
764712
176853
92585
359907
822828
351260
952563
255917
294336
320958
141865
851587
82446
552194
71277
93257
487076
229731
45236
144244
16008
429549
285137
230225
513614
464407
284160
800140
246150
887651
885306
951434
851032
371295
735245
644412
63149
403401
490583
864292
189425
470654
894594
302002
584289
672017
240696
826075
893743
922242
430177
531614
261331
154499
149579
133558
553856
62111
855640
196743
332069
387727
942084
184732
600921
708551
299311
407796
148207
129120
923029
693117
870734
934395
558502
856187
240066
794929
506503
960733
478895
352984
171243
418702
525931
954258
42236
128701
602069
559547
165795
74314
678293
541425
450005
224743
175680
994667
815653
193632
100438
475366
345608
195846
609502
60527
437459
720485
180412
981589
616874
129079
393365
82849
816221
582175
128279
417621
926495
447883
175163
848850
258922
607938
459813
157768
424482
928066
145257
707499
262595
886711
687960
113812
561835
463347
933971
167643
99766
482323
452718
576713
481668
951779
757896
946560
172496
45995
482113
897088
355632
992249
211400
953217
391034
966913
400721
250929
526614
438026
810463
432910
268888
629586
766419
422930
838309
536355
960162
311137
653427
280740
181311
857787
995399
958308
981944
30047
322448
487462
146055
855582
436288
656682
848144
379395
423067
510720
946558
982395
135163
848
438071
864598
736632
665842
86150
849519
76153
491811
690440
942946
286808
689528
228503
413289
570550
559790
770154
599564
736859
671230
119045
405676
21741
632014
387973
330998
79114
655455
638058
571591
269212
956335
7436
779653
617840
36375
145157
283953
592519
327694
812052
722963
886028
105951
231689
857836
126071
414595
750656
340035
374655
196431
526161
526562
636517
269355
562901
828302
127280
329658
630116
871420
903786
910859
789731
242421
625575
523654
192331
135088
399194
259550
556191
539129
38574
508751
427061
104996
716145
657967
426085
258510
137196
982972
500232
565502
751450
957311
890743
446546
300706
599039
468319
74585
176936
964973
458856
411353
767420
398587
691014
29065
430410
726806
552310
334600
203431
374806
254406
936324
568135
374034
973187
897955
178542
218121
109060
617054
808996
79479
63008
463899
447937
148769
398054
204172
38787
807626
985351
397863
247126
233748
187248
805342
73820
164206
489091
436548
744110
16891
90525
351512
685443
428781
698816
772090
574519
538666
480445
391070
526192
134112
371917
239404
158057
453046
850851
879699
920435
285640
752194
806427
540058
512395
952200
693148
968564
985526
679910
652621
39423
817470
618738
870805
656561
884633
845546
47463
21188
909655
839835
573696
896874
425555
952826
139350
426740
180459
95660
785338
323238
141659
669159
736580
49414
167108
472027
817479
626225
277641
649215
896576
572514
186769
958777
949762
124058
914120
190335
479204
242978
719534
479278
910178
759694
143706
725164
750409
952139
600441
305574
724696
388523
557858
648092
526995
789881
523182
999017
684800
126706
994863
6764
24926
522941
864468
780554
135764
66510
991134
339879
781374
768152
809277
846945
363971
710963
764011
679360
578395
245852
24688
909883
948116
581357
80293
84194
34662
583823
478674
508477
888792
747244
64640
940371
451242
331678
993714
102753
191148
118604
802455
424152
542157
565503
634501
870183
814047
911557
422396
124564
221744
20149
71313
956667
198135
784079
239324
678671
239548
657186
281635
525887
75251
49613
182985
791308
809873
52638
388871
516017
186268
802843
548527
567823
214539
903032
505899
566839
887136
59435
544488
494879
595889
389278
961667
164208
50242
812569
274096
890334
418728
648380
569408
737126
619322
14412
531248
177161
883089
509699
545779
594912
460698
917219
391288
361402
69187
38209
998017
631804
625825
915834
998133
388986
724436
482687
782636
818783
73867
146137
133907
499491
962927
759335
251860
161402
786443
272514
845866
358094
646499
74696
879168
762292
127059
245816
276502
367057
759502
484364
579850
777882
263751
90521
738083
681558
424596
465424
800671
209246
692761
671343
48542
702165
895121
549051
485400
501764
176017
52113
834710
29955
257745
866276
697649
940594
234725
660391
274977
320241
432561
944973
746533
824754
436740
852753
571326
538088
746888
105281
724952
167444
194861
637669
943427
979289
291474
239245
491891
88545
914943
263841
699625
395767
265456
945001
580757
743594
92979
700667
390005
851166
957672
795373
891814
119731
525541
306671
862416
664813
229627
476423
686813
398558
335703
252079
911871
439448
175679
600935
210510
359771
171645
258344
791577
430289
144635
687425
806835
45301
737570
248240
536008
441346
929472
999077
693108
233405
461678
683618
817069
430035
260517
931219
242682
841100
977154
690944
777572
829365
331869
593406
255694
193409
341456
38021
614341
602441
27021
304801
749894
317949
859642
182891
391023
207616
935471
881414
575544
487229
2048
134339
216940
823974
390951
704711
93118
133700
297899
640858
436345
209236
862517
128890
487526
66783
456732
343034
764861
798486
661376
379490
765844
642213
166902
965451
355378
531783
359913
441544
448147
504948
794368
381009
130879
101021
693772
111914
149197
3670
2166
321964
238873
494947
776376
504300
269200
109020
740517
369
399577
674543
944364
754753
493941
612409
928141
974412
404772
635891
812036
352466
192387
295180
833383
747810
97633
54646
305290
446470
685708
745887
654100
639261
359028
49990
725182
804363
577325
768007
301196
925417
850273
906738
280606
110353
470279
161093
676033
289297
885962
488498
304284
20459
276603
156387
939801
145992
4146
531143
291266
386556
158874
342813
356117
526101
726792
818598
59516
15203
156609
466318
842558
979216
297303
520537
723627
528518
115548
188820
932086
664692
463750
175248
912445
907681
49794
629701
854580
822086
282776
977115
634393
171959
450279
549374
287482
188888
424052
399613
596527
240247
148828
223546
301721
572432
45589
457480
837200
248984
544273
101210
215566
646716
598884
216363
636493
175271
539725
407489
665175
644305
337560
158072
669321
816318
233787
977788
840638
519484
181695
308442
999351
853774
749504
304563
408952
952987
205475
184917
391254
967010
588144
772270
622719
149212
600113
909635
545794
373211
563278
629365
909677
951473
827688
184982
746324
74959
100436
285228
91546
520702
324908
859216
987886
800135
921415
967524
263847
212011
420565
173484
840931
118930
76920
382619
299007
68366
969962
223401
230297
904349
506869
119620
786942
415245
282460
710719
597109
787316
873962
887084
485141
609443
759729
733632
623276
816949
448430
436883
526731
941434
936575
675413
902573
819517
653344
846962
318434
781515
490978
285841
865707
762736
526072
409382
44607
161031
67023
669176
482885
197028
418212
760816
786181
476607
664733
294291
197446
384808
889187
138057
747438
98805
312067
532493
364942
920464
171600
289870
408983
206840
319467
340245
509879
526759
658174
708004
946979
862255
84945
533309
358561
872578
386426
758247
27438
891670
582810
677347
130662
829448
174561
76734
800142
561814
51737
937962
868282
182160
541051
381232
751588
114012
133073
177249
266702
768312
139734
275157
431005
945252
973801
495237
953842
352221
914160
298611
416341
197198
119513
65720
452184
966605
256540
858815
519942
173723
880572
747934
864422
880858
804593
520324
216952
615550
976470
9206
336191
142824
491535
316542
433117
912802
896202
355137
994058
102160
375754
750933
652873
81406
463945
231897
781990
567925
955984
714043
507433
542435
708233
355118
53380
51639
978505
483541
197386
509057
999983
565342
421458
714800
776779
371054
870282
974585
723327
747467
191493
987231
681911
599020
3800
648484
104777
259153
851857
773902
434973
287337
310889
161107
51344
753173
384498
841985
767110
874144
724126
67555
249904
595804
179383
77655
812435
201243
681796
298073
331737
7824
497593
912550
151751
25834
783941
883253
266486
312540
456228
857575
855008
455160
994308
351077
6591
165756
196466
257249
925521
771767
557234
247109
869271
236605
701649
724456
632548
625700
741870
413456
598377
910012
792632
871670
625124
539944
371427
81805
227318
907103
320151
121653
666890
500336
351521
57450
390008
172891
993942
89706
512611
221518
366620
484699
875101
898398
417970
850466
369339
82974
332792
130008
101584
573358
806998
232872
593408
980802
124979
551976
308898
199761
691386
964284
889440
983597
980309
845768
679647
461578
440825
67065
727156
519804
444997
771535
440258
426106
309507
559007
149907
956268
718064
214454
485115
271362
692047
194778
662905
230882
647662
928888
478394
642802
463287
743485
611118
612642
866738
145940
552058
293928
370584
966078
356422
693849
620303
54291
327826
206745
306402
915434
363536
478077
705600
860890
618895
108170
52769
563856
656438
275174
508263
141207
572525
838099
876004
341458
650958
510562
52891
865468
182694
546458
347050
563556
678076
978302
92285
397962
983397
196430
83676
575194
623562
169995
54297
876756
72513
205564
712044
233108
141838
381345
757268
909597
18692
858819
327298
113689
233720
153626
610698
11800
175630
98438
218553
611496
814849
481679
613037
462515
795652
423824
824016
98343
509655
161412
395329
471623
932359
671997
951448
670670
498195
414366
166615
148540
729189
314604
305565
563413
738332
734288
252964
707641
399275
794923
983618
748891
587996
569737
907547
794
564488
616536
932973
587330
622899
622203
822519
357673
136381
330790
297549
579418
235132
930153
913723
999659
242419
906072
2046
686392
93261
456430
387022
608054
566682
90979
305966
51879
401878
654340
715437
819591
751045
770363
993977
57243
273220
620139
428754
34785
947656
595603
798447
464438
766926
283525
457288
529809
637086
742964
864923
199589
114407
10278
938893
884870
35173
482877
299664
985503
272772
572497
20902
531086
320670
236342
679523
77662
900322
192372
572514
221546
541695
317796
297343
645158
313006
295585
277682
603861
783957
929163
834265
929916
432417
214200
714497
739229
7375
357098
853079
969514
905005
512261
375256
20655
7000
17575
17323
627135
961292
695617
58768
717687
745084
457919
594699
8811
747362
390746
118499
581608
316132
801232
116485
327466
138725
995459
837840
838963
229579
532190
403514
504621
998061
626870
129968
136131
168347
863752
545924
920581
379321
123454
247388
569834
364232
427692
87197
986020
269304
618424
845643
130161
502484
228385
567341
660610
226473
158638
602377
478931
69070
546305
892049
76392
233935
216776
627690
831631
822505
391152
577812
868430
136776
5952
635855
287871
163120
934173
669553
802352
761270
989861
104914
581905
85144
550794
330456
412612
99496
435791
149091
12478
918596
303671
980103
518658
565851
773820
120342
494149
31954
337562
906808
215309
117868
908464
516376
691558
976886
287751
825466
641302
921513
866428
542006
959022
514054
152785
521925
939154
891461
926766
695631
27670
581408
467618
964904
588322
172494
985610
562030
924105
568451
510367
29771
37359
802882
521729
19469
303554
269392
412185
546962
946787
431560
851847
496891
979147
412092
903519
256226
772672
505155
945114
567066
561550
340415
825035
227143
840504
629360
96266
502176
59478
639124
650359
729488
264213
204557
292263
925235
887404
615700
948522
755088
133707
620868
892036
861120
796717
654613
220682
802015
16202
639439
229967
645533
618464
25601
398589
392279
14788
303306
413010
159682
205901
762682
106850
683598
545818
622857
82946
12661
994375
508561
614069
348590
452191
369560
691273
614351
103931
673256
380590
696646
449892
72246
887063
962727
777962
370821
853408
187644
36280
103062
571858
18288
712608
524489
177040
854743
452078
453975
53302
897907
425439
318755
797499
193766
258958
357615
505301
807544
670003
590244
777750
356310
987776
934338
785835
884443
834864
840200
587109
52113
907174
20236
34295
622565
550398
722547
677005
952826
548410
152179
307453
561486
717677
574141
318421
48370
985387
172490
589708
797804
651508
26902
984719
484877
340345
637712
938693
944810
726734
282812
975325
700003
211014
915589
736018
800853
229804
778090
383254
490377
104974
662511
91061
503144
83005
970972
836225
94561
56865
890081
76970
794199
834788
995898
872256
595927
818372
710093
254113
312895
87676
359273
74208
721760
801747
978701
214742
341264
876222
712805
938288
559858
2981
173085
186622
338093
52076
853925
300243
891313
315538
455643
203334
9121
160757
275603
131524
621708
602829
776230
20175
315069
681662
759994
441051
997760
278863
347944
232264
415309
660243
796933
174976
249625
819497
49449
390605
458238
23665
820803
312819
496988
233644
732768
653762
871928
769912
271888
751672
755520
83742
696165
964659
159249
926562
452754
857342
972128
727354
502146
637469
940829
354683
131079
885080
325364
99251
481336
236099
104994
436552
950150
705268
995749
456842
192205
150719
507288
224084
889405
915236
365658
701884
584050
537348
926805
952992
252964
173857
24453
992213
587025
864878
585179
972316
670249
203091
404208
235462
950337
110985
551064
351909
31102
640220
302287
439445
142613
919931
260337
493679
187227
531623
374935
247554
198557
539823
863429
648918
284
583794
17478
407303
691693
58263
508027
751528
74855
541530
589977
51625
671369
199766
965249
159539
607226
457057
652808
637929
625223
818854
361364
108830
258129
35395
714108
248312
536712
910233
59931
261725
291202
41498
956849
416336
503261
147559
442804
21618
336557
430228
940640
580576
430803
220788
679936
367251
300151
235901
617895
258839
551199
111567
916776
671820
363570
480543
72040
920440
283663
654458
191927
32156
789921
716925
760402
840900
125905
346124
860700
621351
342707
610369
347489
79176
734918
49842
41634
768969
406794
262524
223240
425229
956137
628886
17146
834410
236684
824719
630392
905105
552194
895074
679302
128365
654705
984712
882484
391233
335245
580812
619587
483967
23530
630039
184823
634139
446769
783065
184231
332053
884421
686712
857338
365818
456334
970508
683492
47192
759070
603359
682071
148344
799053
490710
728512
505250
223641
648765
154312
842997
281263
851061
111470
177937
515439
672638
50633
215733
757701
858141
541946
541079
108891
152580
133121
974280
382540
815856
992589
560429
164482
517913
328725
373196
500703
316770
809621
861075
670171
388867
793275
905868
553610
185900
622251
441456
907882
588375
949537
198265
803020
95987
10817
1416
599590
221217
454329
629733
970858
709617
70093
371738
948974
155065
190845
728847
606905
72928
40919
891637
214965
366686
581108
625319
694753
436577
111680
291882
552418
698902
508567
656758
626029
526877
976725
510736
817936
558800
439456
11669
241897
400234
25012
788032
835732
784415
498003
483857
419218
591715
174725
379990
40565
715725
221637
618238
264342
593193
947311
869328
395540
800040
785900
792159
477015
72420
990400
237389
637204
759139
52686
213485
702379
386384
524388
705175
349692
431510
224734
602317
998855
887736
353725
5225
865012
54505
450397
369498
952862
855976
631390
589989
732648
964527
160530
505196
381832
590150
562596
445989
429098
328124
441137
482894
68363
576725
411825
220627
49522
937296
539903
784138
133317
267412
884339
685998
711947
400230
466578
987647
803189
979121
452553
582835
659352
161641
608591
308791
719847
454197
65981
41293
504295
641441
249609
975549
430348
534342
417229
616636
306991
501213
825132
14219
55320
830878
727544
141514
478546
263035
817372
960175
408958
754351
496336
135033
870736
656234
303635
394381
603716
709548
290735
76661
664881
163604
330223
486861
3113
27654
666272
282703
23361
771967
697693
313754
958045
735385
169009
327893
74792
912761
730194
880256
694022
101077
598187
783238
673713
650520
711639
4305
109279
197211
138381
302574
967941
118542
808806
89851
185347
134042
674399
279697
72308
220542
169136
784109
953087
33363
316429
798722
976602
510177
594875
548234
886255
457946
975144
526063
856276
812799
940671
41542
471598
931186
196702
21099
48250
530268
385995
157767
393967
565624
771419
142187
486008
697296
701556
521082
674548
51464
877504
894169
559960
528558
553222
864275
395771
572533
568129
209636
665773
866216
358061
515107
564921
157287
602190
959710
132976
416808
507557
60176
72024
545031
590695
529333
434500
604243
207574
484713
872277
106711
174835
273452
165692
600909
673352
173085
792271
2644
317322
276033
823902
432092
504182
835402
212589
922946
9308
783431
266470
864446
480366
624798
409177
850083
789730
566574
614215
642602
479679
298453
86261
923510
360056
404011
595938
664450
171414
95148
475763
931399
685409
757919
825374
241878
939673
962327
401442
406122
225828
689313
53869
528063
448058
575434
34511
983353
211957
692320
283561
237114
990394
294060
304696
676523
881510
301851
643891
208314
148312
594975
643966
1141
296450
836438
200039
114093
445098
563458
1579
274189
751339
4698
528774
563760
323438
481242
355891
527252
209610
978842
688640
898137
670477
907653
242761
302441
380432
249528
62784
563807
220440
629541
501905
187412
419834
175283
182296
819143
418001
747426
589228
348686
749739
356625
506834
437168
333763
950304
876829
847088
791166
596807
217948
288663
591358
737647
348595
328404
138053
195940
512102
461078
271683
397419
670637
788699
90020
393256
231637
611866
795814
415447
286586
303929
575107
259120
278405
138457
667225
202570
622596
419450
74186
170358
504628
46650
57671
435107
930629
367191
476256
215884
895532
984652
183455
421296
215913
473884
903079
493194
254097
117739
488524
696993
268970
619942
419580
482544
550186
857978
852028
918223
649674
366125
238967
534937
109453
224947
356769
581700
538848
469021
29166
415035
761692
100756
279960
187702
127923
647539
374865
832164
29564
861550
855750
379566
948749
210353
66466
110661
731630
439687
508565
913957
37505
477869
531019
825629
180834
25942
845594
884352
622878
141524
370372
933999
586206
93361
647627
289420
661907
753415
854361
926313
464033
799840
211893
321044
546299
299327
751621
163226
279170
838688
962716
675499
803865
483592
214585
858829
701890
379899
859540
128967
594523
524902
522651
882801
305491
226535
347626
178052
923034
528362
55655
414373
984697
988044
176086
991179
243258
578946
940002
677976
671360
745657
915026
689460
117979
165451
29450
733626
909364
984259
980577
643641
746077
849885
909066
758698
607116
875555
532063
974690
847817
842610
850262
717938
288120
277603
977969
554666
177947
484499
881874
811928
79314
451231
893311
15934
496353
546894
234135
186406
498892
157829
680757
115261
472825
46338
115621
957490
687196
311248
943744
516569
212119
158670
325457
906003
138821
590867
179853
716845
920557
31173
979338
646314
678087
338650
671757
624756
975807
429339
38050
433237
943521
702658
349704
62808
243641
219391
213552
168165
990173
148629
894344
311383
55274
942123
586293
267323
152192
652224
368709
3942
106410
543899
182851
230162
147006
402340
270148
542330
858971
417719
503099
905280
449188
99988
76664
45371
928941
612127
486710
545471
295713
971025
628459
440584
375896
120738
378309
17051
491908
259905
568456
436547
558390
132956
284336
307689
47478
179362
855231
505976
463942
403339
655681
180929
606377
927127
612693
610360
26784
454880
914110
404053
451546
968828
430455
573121
600638
442231
149533
711982
732666
431439
108356
8837
229675
376635
864871
366852
966276
275134
980102
870787
161319
846066
352052
483165
786924
904949
515563
554914
714937
144953
250862
721954
882139
294318
782077
994371
114193
88883
672581
537161
62527
719546
556897
304418
136410
525346
533780
380041
823301
143333
26975
874457
309616
458721
262044
768324
667713
705428
369802
979241
281488
842867
26823
451841
512437
585638
867779
858251
792848
675823
982409
419447
201022
568821
43542
122689
613977
986986
931513
54462
719124
149697
875209
210515
553495
111394
318178
306338
705260
575833
817863
161062
520563
740468
753734
922588
674362
225880
591198
889528
351183
729674
316208
849361
275796
387166
947111
716964
440102
321254
733586
122264
487680
7153
161025
615420
344058
55184
136339
501590
271490
861102
377797
231926
72586
575524
373853
323308
517893
544368
125046
700788
171475
398151
132677
872196
552520
563547
849481
11592
647399
527658
177091
233488
387886
425978
892793
748924
368805
362554
999404
825926
375089
270497
155199
837563
611885
974761
901669
517554
988749
610634
601753
120483
435162
614664
895505
305669
97441
543234
673870
111856
886220
816550
469186
78456
84079
824774
843940
929594
114270
131230
528224
449292
683063
807200
376388
345267
22417
498746
214529
51838
953539
936950
318010
293368
404122
916809
165917
562208
503115
222683
619339
137071
809354
415133
984381
985617
369009
879124
899532
118368
750323
466145
859653
75510
690958
658949
925759
484596
628511
814514
245429
249410
134874
656828
333821
52043
823934
698550
435326
294185
767440
694779
122205
86250
209680
387638
123888
556493
971598
993662
673428
203417
966744
684965
596900
441644
244001
150680
638883
566231
918951
721879
664854
598867
661618
332357
129475
939465
320726
365810
945019
163779
981303
695352
483050
604980
150951
769111
977587
482823
230582
652623
226617
857700
377646
299772
162303
317139
687094
398241
743798
497029
989638
797384
977357
696418
485960
784229
479065
638712
496292
10347
427118
783560
529320
53786
45710
701556
825570
995439
187521
137416
582598
117819
710074
800371
403948
118541
741484
923564
170315
171122
404829
173990
193889
193809
147477
476422
85037
953945
658657
79495
712343
780868
265286
259256
247343
410119
4100
576758
549478
540256
32224
591379
889084
309887
454763
108515
351481
656201
295412
941859
449904
898424
563899
48016
946740
702526
803582
72661
815637
129058
749307
881739
335379
63102
47572
701755
306657
214514
496044
90431
710469
373526
241434
720794
423919
173126
750171
286983
26843
653723
538053
981748
831976
227602
855701
191112
95911
640244
293484
25878
558510
983992
885639
922129
4226
139726
246784
695416
350576
511740
826416
865221
783055
220372
787707
761649
758304
173651
354965
897322
886044
788365
751946
686636
980331
184032
700994
455882
961282
652423
332354
875863
454010
947963
597461
173749
547299
687435
511773
961918
927970
932930
912058
496233
198209
932741
209395
869761
469689
389857
770226
178345
399655
708186
284153
706753
819268
980597
784733
774085
903399
273138
75482
668966
403444
749017
422178
270833
696598
631880
54205
602047
238305
487619
213708
374660
547598
895446
695263
949264
749431
859568
311673
820974
919218
753466
271083
762460
971894
147867
729727
568589
408879
444509
778899
199360
100197
887751
910878
488809
765177
298416
369836
370526
914230
264557
678877
190137
763767
261020
236768
820570
199246
69508
301175
229876
777838
727051
510820
224859
230001
120471
473384
746778
439867
846050
113229
23322
995751
355181
167970
729396
848683
880945
462631
127062
164992
15339
103680
386946
578267
465631
753654
319859
219720
664298
129579
517766
732324
472469
837120
649271
285778
438002
195537
606156
81324
52939
584948
512857
68793
74645
147358
555631
283527
460364
627786
991676
284393
267507
546971
956868
541583
814095
312969
157469
982642
314603
821710
280830
578802
806781
972799
884234
708258
540234
248669
220216
323617
526885
721746
124537
96845
463064
537608
472860
739324
341810
189140
415389
707418
418107
171686
33269
722535
150243
53293
497711
491495
45413
516058
523911
406334
749078
990831
982541
807841
625480
436809
104793
425072
486770
159028
13000
795765
811955
73645
305777
964938
962744
198722
955458
533308
486967
277448
879625
448166
24450
368916
499542
211496
748946
241438
819762
61865
216749
849502
949043
916825
681094
489318
782460
196511
747814
195608
245082
796871
552141
828191
100638
290328
324505
194837
354395
304080
566602
711194
799933
176442
891289
466640
323448
161179
478232
845712
631542
167333
460110
966887
299829
575681
672679
827272
550017
922508
701575
802544
139045
398196
9158
889911
791258
551219
453267
492823
877112
449604
47777
572884
756375
953625
481156
658473
19459
341973
926940
955497
77840
394528
615192
165088
673035
821070
512355
739658
409794
462747
653724
37927
900847
784487
888663
53642
293912
312310
430549
373028
417647
579770
489461
352675
970209
648921
134092
635533
781145
442822
257132
300140
662458
445373
612510
964645
559396
806847
938775
196052
460422
419186
73719
36648
11431
908645
371009
585447
335756
135335
923802
652824
445607
262888
969441
710021
783516
12904
843162
537638
93281
555608
616282
480067
144544
735569
260980
182139
331723
958652
840154
310192
940637
120089
404142
544112
238771
807025
950707
819470
189936
120336
593067
326370
170618
560267
405589
290338
632255
559956
948474
514389
730436
546856
864495
820073
317871
353629
137655
721817
564977
935806
456217
144167
316998
604329
492065
538147
322688
733952
199349
190672
595297
355073
883557
764213
749272
399010
675537
631919
70540
108234
411132
958872
122387
873074
199000
653691
393477
232291
152684
456767
641409
97624
827614
241845
347768
185910
712530
725405
143137
974417
584559
93233
43106
799233
783739
974649
859676
811428
307310
778171
444168
341619
525182
118579
526303
194439
157719
284144
361805
595981
456589
164615
450062
30924
998844
386107
400040
529918
963116
664097
405948
718637
349230
546430
781752
771565
623691
786202
450024
466292
137539
707104
470950
412208
125786
327489
880913
653032
615524
315285
546173
805327
867796
97154
599736
702802
526147
821290
208462
323680
745481
583821
92569
520123
374921
584624
989282
395542
39328
442272
666447
156075
662172
509815
640444
728756
442108
959231
765390
597999
720384
107415
968199
413388
406027
562536
947799
321429
58389
928317
614102
352219
849868
503036
916198
243966
441574
277925
801951
169476
107058
565114
184929
622869
684778
966440
699556
769074
430995
19529
248
355930
407545
537247
816388
776230
212610
216344
991616
274537
728064
35511
478295
130297
469321
768566
544625
653044
250940
670332
32271
617751
600648
238539
591868
513609
700066
498973
641976
297241
738925
147940
737491
579022
802640
529381
189773
980173
885026
894858
472208
143003
781097
244704
914236
941031
76903
20876
714483
316901
971066
609793
61128
268518
34231
780
286978
902533
935412
824369
630193
678859
172898
4835
660560
606453
41094
391548
15794
931803
308597
754266
277200
530116
552283
394278
228894
778889
890105
809669
333919
448377
841118
918228
99936
759358
131673
881183
389325
834196
535023
580739
5958
571418
705932
984785
637684
828929
473208
909982
547641
335619
332730
868049
658611
952928
163049
77329
427379
528909
347909
815950
432924
839119
692721
564556
788299
108506
309008
916489
394481
515169
417463
465584
654574
35726
626067
334147
837114
921766
307166
575921
130536
281571
349833
881934
385327
579718
961194
384709
316815
894170
228936
977822
464410
447152
436186
909742
432518
811552
496234
615212
615922
245651
200830
347087
446364
776952
374713
665343
839026
429094
962548
915397
914444
106293
524469
362074
328397
467067
49998
621154
713476
285548
715634
83901
486962
590894
684940
333400
169780
943916
75023
308711
87274
491419
394979
94221
700142
330614
122110
609986
755829
635411
971739
363017
606158
471398
987084
171992
124028
854120
995972
250008
32866
587834
142050
378172
76250
497917
571024
642232
439036
304130
189735
301028
635029
450626
601098
237527
320013
923867
514051
723236
225862
782982
540111
343003
636012
384309
632809
397058
89089
649269
210345
807815
736860
726737
593074
519261
284112
271326
652980
589437
63317
36679
653298
845160
371282
662760
552081
289419
699780
196087
846276
570736
630821
286019
956261
992784
985417
48692
27793
700213
889944
759411
87495
485562
87630
83383
823695
732959
640550
8240
875041
822121
50041
105930
945856
378419
819316
937305
621797
680288
21420
817036
274956
290553
202125
402077
93332
300098
3963
291767
250402
160614
795241
867965
373586
351915
896274
708803
740075
160021
950337
313316
582475
705188
513280
249501
519577
330030
712450
640865
209312
435044
155060
109281
482334
464674
850561
893630
460978
978397
712593
576126
495924
843581
643866
535356
584420
666542
840989
29297
181262
505354
110289
213383
22415
24403
143031
641125
958515
348074
140407
838142
602333
418858
143243
744625
235461
897875
334587
897667
811228
283562
274033
633986
255321
22580
94907
728725
507825
868058
765096
347158
293455
55325
573694
672958
887489
403726
76741
808692
979336
868844
13852
861488
595818
910000
2973
920230
89273
563814
89055
460223
251011
614758
356522
743201
502426
482729
404001
705671
906334
868200
282855
444606
819549
870788
212128
541358
141074
34696
199779
184130
503340
518833
324487
459830
88140
932761
156231
390771
998270
985127
350590
425998
774026
429233
132264
445532
433685
396832
115495
199594
636595
86830
23595
297234
983016
875381
231722
439928
401794
607998
567889
704694
53655
684827
163666

