1111
3112
4986
9518
7922
4870
4334
2632
3849
7796
4810
3079
7768
3208
1283
6527
7554
1645
6299
791
9764
7223
839
375
9363
4359
1245
8399
2887
9639
7708
94
2722
7235
636
1328
9297
7449
6386
1731
586
5278
3085
825
9867
4629
2059
6720
1051
3567
2596
6959
4322
2608
4307
7007
7160
8639
4661
7313
652
597
3581
2957
3571
3171
7672
358
6013
9979
1661
3039
9697
954
572
8967
6320
6583
754
9667
6249
2965
8400
549
4757
6630
8881
3824
5844
312
9840
982
9834
6864
714
7359
9955
3663
2681
2975
9995
6166
4227
26
1819
9048
5123
7769
6933
5489
3262
2908
1213
8102
8143
5279
8077
9214
7904
1660
6406
5125
9704
6886
754
428
2706
9472
6212
2229
9763
6719
5483
5036
1902
321
6994
5677
5112
2326
6718
8845
1
5194
8294
5072
4002
3487
5304
7634
2132
1084
8871
2820
6292
3843
8567
3102
7441
7448
1322
1359
3882
3643
6941
2880
846
984
6149
3079
6653
7032
5699
905
7260
63
2187
5028
276
8760
3787
606
1598
1841
2701
1978
1901
5559
1994
8612
4675
104
9903
9763
9432
246
840
3718
9602
3220
7521
5528
7614
2268
3126
1026
2602
5492
2657
9872
2809
9615
9583
3385
1582
6523
6490
3960
5813
4859
4541
130
7675
5388
6240
3672
9868
6995
6456
4943
2179
5095
9313
6228
2382
8135
7534
103
8175
2785
8076
2596
3303
2955
4077
8714
5608
667
2135
8759
2599
2518
9171
7846
8994
9683
213
1769
560
4680
5864
5317
4923
9884
5681
3667
8091
7463
3560
471
7863
5846
8186
6622
1021
7957
2205
7608
214
1634
4061
6151
9072
2794
6770
2329
6561
3201
4090
1981
8277
3544
9535
3784
4380
8822
3183
6552
9998
7492
919
3594
4689
780
3930
4506
704
6810
4272
605
2156
6711
955
9089
3124
5184
712
4390
8066
5122
7565
6454
9362
1422
8997
5123
4318
2075
9164
6986
4252
6319
6495
3629
4437
2834
8034
6281
3117
4183
4699
2020
3938
5758
1083
4011
7984
1708
555
4734
165
4672
944
3227
6786
5723
158
5826
1355
2679
1547
4626
4577
7069
92
4938
9421
8158
9338
6464
617
8190
8829
7387
787
266
3918
4557
5930
8015
3084
700
2831
170
99
4197
4168
6437
9404
2831
5377
2498
8519
8612
355
9568
6208
7866
812
4325
6518
7651
7613
8971
1320
5131
7582
4180
8769
184
957
4997
8669
7881
5618
9480
9705
8811
4269
8436
8349
1441
3258
6522
7840
2407
3259
1230
3590
1718
1481
2408
9451
7894
8380
4034
2445
3923
2919
7766
6997
5809
5134
2262
1003
5415
3124
9686
2506
6374
2136
8614
9822
3763
6524
1861
3700
70
7150
9727
7698
6503
8670
9569
8122
7504
1041
7976
264
6705
7421
2932
8788
2964
1630
7886
3130
3449
4107
2742
6525
4298
177
6020
6572
2410
9186
9152
3234
7855
6229
7052
4144
336
937
4139
777
4714
3890
5885
9068
8393
3228
2238
4988
2987
7447
9266
1745
2883
7671
4123
6977
1189
8143
1593
5136
9166
2482
3934
7657
9945
3192
2227
9828
6076
3615
7962
7573
9114
9356
2644
1302
975
966
9137
4680
9483
2391
1625
3215
7560
4860
5094
8299
1850
2916
9240
138
9399
5167
4835
2498
3789
7111
7078
5382
3114
3794
7761
3892
3500
2574
9883
7446
4990
4142
7339
2912
2158
2834
493
6495
3538
916
534
7326
1725
2277
2915
8852
3777
1503
4650
7156
7177
5259
9550
1802
913
6142
2077
1850
2540
3501
8187
1728
4678
8645
7249
8591
8228
4144
256
3354
2609
6918
9656
9940
2010
751
731
6188
9465
7639
6933
4132
6354
8593
8693
838
2074
8147
6171
2845
4708
1829
216
1194
1424
7042
610
5598
4615
1274
8964
8635
6371
5233
1096
8495
6451
2327
9382
3016
5475
121
9113
9714
6342
2552
1906
8059
1988
4500
6356
4725
6726
9310
397
6265
2816
2688
601
9247
1741
1719
6037
2671
8747
2646
4126
9160
5521
5738
9612
6703
8131
8955
8517
554
4036
214
3855
5341
5198
9383
1765
8009
7616
3829
2304
8449
8399
5120
5850
3939
7953
8507
9927
5429
4072
6392
9121
4412
2810
9976
1017
8547
9050
7438
1492
2722
4091
8781
8649
4365
6854
6153
7826
1631
4045
718
1394
9148
9126
5439
938
9934
8044
8856
4144
3128
9432
5774
3409
2725
5928
3900
815
6059
844
5211
8295
1669
1362
2332
8030
7559
3904
6866
9298
2497
6626
5746
2711
882
8922
7589
1325
1436
9516
9268
266
5330
3141
2033
6733
4935
4503
3110
5407
65
3658
9214
7988
514
1018
5919
3699
7531
9824
4
7166
1731
4935
3815
5518
6876
6246
7894
4252
3529
6654
6994
8933
3717
4088
2508
4682
5681
8862
8231
590
1197
133
9507
7794
8526
3191
9537
4425
9759
7423
5
6475
2594
7148
7621
330
7360
9138
9699
1536
7353
5263
1268
7994
5863
4502
1861
6760
7665
7121
420
6312
9846
7014
2254
5523
2862
6937
4182
7569
8476
3797
8012
3539
6026
3768
5552
9018
4526
4656
3076
711
4108
5833
4025
6630
885
3189
9588
4964
3666
9722
5695
4637
9862
3618
877
2447
4678
6491
5737
6749
4616
8586
5893
2613
4211
3450
4806
9802
393
9368
7273
2308
4780
9868
1269
7293
8216
1012
4283
490
5503
5273
2216
4610
4043
7164
9538
4337
969
2795
2559
3524
7908
4524
2919
8203
2120
5809
7196
7189
2553
3587
9262
679
4356
1809
77
3778
4269
5207
6009
6848
9146
629
3283
7710
674
4132
2481
5264
2497
5996
714
8958
7634
3089
3769
6260
9216
6867
8198
2496
469
4906
6533
229
2496
5988
7853
7294
9093
2724
1327
2892
7507
2917
8265
2033
3069
409
7807
64
4402
6118
1477
4363
2219
7248
6047
3332
9193
9087
2192
1673
448
3552
9860
818
1754
7474
8379
8013
2022
3299
4337
2945
9427
6383
695
1828
7272
5525
7317
4236
5245
849
7130
4573
9645
3116
153
6668
7603
9531
9965
5888
3444
4338
5969
5396
3860
634
5439
686
7526
6234
968
761
2542
3749
4484
5018
4154
863
4669
9170
9413
3795
2970
4151
4329
9502
4032
5722
8282
7553
3738
5179
7533
3780
366
7278
2745
8127
2269
2207
4563
6832
513
6582
9261
6753
1116
6444
9428
7920
4708
1458
8678
535
725
2076
7002
2335
3591
1718
7050
4355
287
6750
8635
5055
111
2583
3640
5019
1373
4463
2086
4294
4779
7318
3516
7118
3478
4935
6237
164
1153
3201
8530
7719
7053
4287
3492
1028
7696
7387
4454
4248
6306
4905
7613
3439
1620
6554
