500
1409
1084
6019
8388
1432
9799
3136
2281
1602
3720
7334
8010
6752
6989
3875
6127
7858
3857
2825
4957
3445
1967
4463
5466
9580
2135
5172
8750
8918
1448
1070
1210
2970
1176
4032
6417
1283
8306
1451
2443
3467
8865
4539
4580
5926
8966
3000
8669
3662
7703
7358
8563
3600
8710
8744
2437
9885
7329
1327
6307
9948
7051
4755
1981
7774
9649
4136
9512
6632
5529
5076
4737
6042
9609
3708
5217
7415
8008
5947
9082
7222
7987
4324
3400
4621
7173
6820
6517
2476
2556
2680
7100
3968
8975
1859
6081
8054
4977
5988
7691
8625
3364
9910
4607
2478
1279
3616
8466
5009
2519
8189
7526
4354
2050
4765
5690
2108
5130
9090
2743
6376
1304
5996
3288
6647
9252
9174
1721
8525
3698
7613
4991
7627
4233
6791
5078
2608
7953
7454
5246
3324
2613
6805
6407
7394
9591
4107
3382
7708
8102
3964
4917
6760
8479
7401
5046
6368
1613
7026
4687
1669
4638
6516
9856
3487
7198
5622
6211
8002
5276
5092
3686
4546
9151
8848
4515
6645
9449
1336
4033
5141
4794
8139
5702
8023
4068
7580
6961
3238
4382
3024
9329
4862
5721
5255
4906
2057
8236
7951
1991
1991
2155
3535
6408
6398
5073
6582
3986
3315
8219
5957
6521
5352
5969
1077
1702
4510
1315
3899
6033
3797
5406
1302
2643
2457
9900
4784
8822
7347
6814
9585
6155
3582
3622
3759
4327
8202
6108
5748
9281
9660
8912
7763
8563
5856
3730
1615
3539
6755
5413
2463
5547
7915
3185
2147
2246
3553
6240
9261
7610
8256
2213
8082
6325
5069
9482
3836
5603
6218
4397
1093
4643
2679
9123
1559
6393
6890
3457
7758
2494
6724
3506
1931
4613
8539
5662
2340
9816
3451
6031
5914
5279
2262
6957
3319
3177
1544
8792
2523
5595
1440
8140
7975
5968
5967
4210
1029
6885
5163
8998
7788
8280
5876
9187
8048
2014
2482
1046
8504
5053
3518
1090
4237
8354
4518
5651
6521
1909
9948
5215
9809
8455
1320
3443
6121
4139
1737
1463
5421
5727
1897
2353
4530
8520
3420
4336
2029
5416
2295
6432
6246
8171
4402
8070
3689
1293
8248
8481
2110
8968
6623
2578
2348
3999
4798
1999
9440
6377
5941
9134
4895
8580
9945
2516
8198
1464
6026
7905
7991
9644
5006
9455
9222
4705
5318
1234
9010
3074
2218
2501
9286
5076
1708
6738
4396
8202
7818
7304
3996
4736
4600
6048
3161
5593
4752
8498
7854
6372
8098
3545
3867
8334
4018
2553
4330
4637
5291
8882
7593
8156
1061
3218
9865
1350
4356
6537
7274
5850
7667
8783
1447
4374
6660
2602
7279
2744
3970
8136
8910
6163
8124
7085
7540
3793
5945
2846
9333
6372
8718
7763
5065
7997
7062
2341
1060
8013
4303
3877
3517
6827
7736
6572
6624
9906
5838
9200
3916
8698
4273
8563
6614
4834
8150
5063
4641
8889
4286
2726
4892
5711
3511
1521
1045
7741
6796
4802
9984
6879
3797
2998
5595
6212
8653
4780
5764
7024
4060
3905
1114
2887

